4
26
673
714
733
744
754
767
774
782
843
848
1895
1896
1999
2319
2352
2425
2426
2552
2584
2588
2594
2595
2601
2768
2793
2837
2840
2917
2921
2956
2958
2959
3232
3236
3272
3282
3283
3456
3512
3513
3516
3519
3526
3535
3545
3552
3555
3562
3567
3580
3653
3658
3662
3665
3717
3724
3740
3749
3841
3853
3870
3889
4007
4091
4117
4124
4177
4192
4194
4533
4534
4536
4780
5148
5256
5270
5394
5396
5397
5406
5411
5418
5419
5423
5451
5462
5898
5901
6014
6262
6660
6759
6790
6792
6794
6873
6885
6944
6977
7136
7505
7550
7554
7593
7720
7736
7798
8019
8051
8056
8059
8091
8100
8113
8127
8130
8157
8181
8216
8283
8291
8304
8315
8361
8387
8394
8417
8422
8432
8448
8477
8530
8561
8573
8588
8638
8677
8729
8761
8918
8923
9032
9043
9131
9132
9134
9139
9142
9150
9221
9307
9312
9390
9589
9619
9727
9737
9744
9861
9879
9882
9998
10025
10104
10208
10233
10234
10274
10275
10277
10281
10300
10355
10436
10443
10598
10639
10705
10710
10711
10725
10786
10838
10874
10882
10890
11041
11096
11163
11247
11267
11404
11418
11419
11423
11438
11627
11636
11788
11809
11838
11842
11920
11978
12072
12158
12186
12292
12405
12457
12465
12478
12541
12588
12658
12664
12677
12699
12710
12752
12777
12788
12800
12810
12822
12829
12846
12907
12910
12914
12917
12920
12923
12924
12961
12962
12963
12988
13349
13670
13677
13741
13748
13764
13769
13778
13784
13831
13842
13889
13900
13906
13979
13982
14018
14102
14103
14106
14107
14267
14270
14309
14337
14360
14381
14596
14600
14630
14633
14720
15144
15154
15299
15360
15392
15395
15437
15477
15493
15543
15565
15574
15583
15626
15656
15663
15677
15682
15688
15842
15858
15864
16009
16054
16100
16107
16128
16138
16177
16187
16202
16217
16240
16271
16293
16385
16442
16514
16522
16528
16534
16540
16592
16606
16612
16625
16631
16640
16644
16722
16730
16737
16743
16754
16761
16940
16952
16962
16992
17014
17030
17037
17044
17049
17054
17059
17074
17079
17085
17092
17099
17126
17133
17186
17196
17209
17219
17225
17236
17241
17271
17276
17310
17319
17324
17329
17411
17412
17413
17415
17419
17423
17425
17427
17432
17433
17435
17436
17437
17445
17447
17449
17451
17453
17455
17456
17457
17459
17461
18449
18454
18524
18550
18595
18642
18682
18686
18706
18735
18739
18788
18833
18842
18850
18868
18871
18934
18960
18973
18989
19017
19060
19068
19079
19100
19149
19167
19331
19362
19388
19400
19471
19591
19600
19615
19622
19634
19689
19727
19802
19858
19866
19877
19890
20073
20086
20160
20195
20237
20271
20322
20516
20522
20591
20649
20706
20790
20850
20935
20939
20980
20984
21215
21218
21226
21256
21277
21321
21336
21502
21515
21548
21550
21557
21621
21673
21712
21928
22001
22146
22160
22179
22243
22281
22286
22290
22302
22308
22311
22323
22328
22337
22342
22346
22348
22349
22350
22355
22356
22364
22367
22369
22374
22376
22386
22395
22400
22412
22424
22426
22428
22431
22433
22435
22439
22441
22444
22451
22454
22460
22462
22463
22466
22467
22468
22483
22484
22491
22495
22496
22514
22524
22540
22544
22597
22606
22615
22618
22728
22736
22760
22872
22893
22915
22924
23037
23055
23115
23247
23266
23349
23398
23422
23432
23484
23514
23519
23553
23555
23603
23649
23655
23710
23736
23784
23836
24054
24060
24062
24073
24084
24089
24097
24143
24155
24180
24249
24255
24348
24402
24455
24512
24515
24540
24546
24586
24596
24637
24644
24742
24761
24781
24794
24835
24963
24969
25005
25008
25058
25072
25128
25168
25294
25308
25408
25439
25468
25484
25500
25506
25509
25574
25865
25885
25914
25922
25931
25937
25985
26001
26018
26024
26035
26047
26069
26175
26226
26259
26274
26364
26370
26384
26418
26432
26449
26458
26492
26509
26540
26593
26717
26735
