17792
17795
17802
17807
17810
17815
17818
17821
17822
17823
17824
17825
17978
17981
17986
17989
17992
17996
18001
18006
18009
18012
18015
18016
18019
18022
18029
18030
18132
18135
18238
18382
18385
18390
18432
855
1890
1891
777
850
848
799
807
781
815
798
789
773
784
1888
808
1889
793
814
717
1896
718
721
722
724
725
726
727
729
733
735
737
738
742
744
745
747
748
751
752
754
755
758
760
761
762
765
766
767
768
770
772
778
779
780
782
787
788
790
791
794
795
797
800
802
804
805
806
811
812
813
816
817
819
824
825
827
828
830
834
837
838
841
842
843
849
852
858
882
880
879
919
891
928
921
922
923
945
944
943
942
958
1262
18434
18436
18438
18441
18444
18449
18451
18454
18457
18463
18465
18467
18483
18486
18489
18492
18498
18500
18503
18508
18513
18515
18517
18520
18524
18527
18530
18533
18540
18542
18550
18553
18556
18560
18564
18567
18576
18578
18580
18589
18592
18595
18598
18603
18607
18616
18619
18622
18625
18630
18634
18637
18642
18649
18654
18658
18663
18667
18669
18672
18675
18682
18686
18689
18692
18696
18701
18706
18709
18714
18717
18720
18724
18731
18735
18739
18741
18744
18749
18752
18759
18770
18773
18776
18778
18781
18783
18788
18797
1842
1879
1892
1893
1905
1911
1916
1922
1927
1931
1934
1938
1942
1947
1950
1954
1960
1964
1970
1974
1979
1983
1986
1991
1994
1999
2004
2008
2013
2017
2021
2031
2034
2036
2050
2054
2057
2066
2075
2093
2107
2110
2113
2118
2127
2130
2135
2140
2144
2149
2153
2158
2162
2167
2170
2173
2181
2188
2201
2207
2214
2220
2225
2231
2234
2243
2245
2247
2249
2251
2255
2258
2263
2268
2277
2282
2286
2290
2294
2299
2304
2308
2313
2324
2334
2343
2352
2354
2361
2369
2373
2379
2384
2389
2402
1740
2416
2419
2424
2450
2453
2456
2464
2495
2498
2509
959
739
749
857
2528
1739
822
775
2547
856
714
2565
2601
846
2615
2619
2622
2625
716
1894
2659
2666
2673
2683
2699
2731
2734
2738
2741
2750
2754
2760
2763
1895
731
2777
2782
2787
774
785
2807
2810
2815
2819
2822
2827
2829
2834
2840
833
803
810
2867
2872
2875
2878
2885
2888
2891
2895
2898
2902
2906
2909
2913
2921
2924
2928
2931
2935
2939
2945
2950
2955
2959
2964
2969
2973
2978
2983
2990
2994
2997
3002
3006
3011
3015
3019
3024
3027
3034
3038
3043
3052
3056
3060
3064
3069
3075
3078
3081
3084
3087
3091
3094
3098
3104
3109
3116
3119
3122
3124
3128
3130
3135
3138
3140
3145
3149
3151
3156
3161
3166
3171
3176
3180
3184
3187
3192
3194
3198
3203
3205
3207
3212
3219
3224
3231
3236
3239
3243
3248
3252
3257
3261
3266
3269
3278
3283
3287
3290
3293
3298
3303
3306
3309
3312
3317
3322
3327
3336
3351
3357
3362
3364
3366
3369
3374
3379
3384
3389
3393
3398
3407
3410
3413
3420
3422
3427
3434
3438
3443
3450
3453
3456
3459
3469
3473
3477
3481
3484
3487
3491
3495
3502
3509
3516
3521
3526
3536
3545
3555
3559
3567
3571
3580
3586
3597
3604
3608
3615
3621
3624
3631
3634
3637
3642
3647
3651
3658
3665
3670
3672
3682
3691
3694
3698
3703
3706
3710
3717
3724
3728
3732
3740
3743
3749
3753
3759
3764
3767
3770
3783
3786
3788
3792
3795
3799
3803
3809
3814
3819
3828
3834
3841
3853
3858
3863
3870
3877
3889
3902
3916
3921
3933
3940
3950
3967
3975
3984
3991
4007
4014
4020
4033
4038
4047
4052
4057
4061
4068
4075
4086
4091
4101
4106
4110
4117
4124
4133
4139
4144
4149
4151
4154
4157
4162
4165
4168
4171
4174
4177
4180
4185
4189
4194
4197
4200
4203
4206
4211
4214
4217
4220
4223
4228
4231
4234
4237
4241
4244
4247
4250
4253
4256
4259
4262
4265
4268
4271
4274
4279
4284
4287
4290
4293
4296
4299
4303
4306
4309
4312
4317
4321
4325
4329
4334
4340
4345
4351
4367
4371
4376
4380
4384
4387
4390
4393
4398
4401
4406
4411
4427
4437
4442
4446
4451
4465
4468
4471
4476
4480
4482
4487
4491
4496
4500
4503
4508
4513
4516
4523
4524
4525
4528
4531
4536
4542
4548
4554
4560
4567
4574
4581
4586
4591
4601
4608
4621
4626
4631
4635
4640
4645
4650
4655
4665
4672
4682
4687
4693
4697
4711
4716
4721
4725
4734
4736
4746
4758
4762
4765
4777
4782
4784
4789
4792
4797
4803
4808
4812
4817
4822
4826
4830
4832
4836
4841
4846
4849
4857
4864
4868
4873
4878
4881
4883
4886
4889
4893
4903
4908
4918
4921
4924
4927
4931
4934
4939
4945
4951
4955
4958
4963
4968
4972
4975
4978
4983
4988
4994
5001
5004
5007
5009
5014
5019
5023
5032
5036
5040
5045
5050
5053
5059
5062
5067
5070
5074
5082
5094
5098
5100
5105
5107
5111
5113
5116
5120
5125
5131
5137
5142
5148
5149
5156
5163
5167
5178
5182
5186
5190
5195
5200
5209
5216
5219
5224
5234
5246
5256
5262
5270
5279
5286
5295
5302
5307
5313
5316
5321
5326
5336
5352
5358
5363
5370
5374
5386
5394
5397
5406
5411
5414
5419
5423
5428
5433
5438
5446
5451
5457
5462
5468
5479
5484
5489
5503
5509
5517
5523
5528
5537
5542
5552
5559
5569
5575
5582
5585
5590
5606
5612
5622
5627
5633
5642
5648
5653
5657
5669
5675
5682
5688
5699
5710
5717
5724
5733
5741
5746
5754
5762
5774
5780
5786
5792
5799
5804
5810
5816
5825
5834
5840
5846
5851
5860
5870
5879
5885
5887
5892
5896
5901
5907
5911
5917
5922
5928
5943
5950
5958
5968
5974
5980
5990
5996
6002
6008
6014
6020
6027
6032
6040
6049
6056
6063
6066
6070
6076
6083
6087
6093
6099
6105
6110
6114
6119
6127
6133
6141
6144
6149
6153
6155
6161
6166
6172
6183
6189
6197
6213
6222
6228
6238
6250
6256
6262
6266
6273
6278
6287
6304
6315
6320
6326
6332
6338
6346
6351
6356
6362
6368
6374
6379
6387
6393
6399
6404
6411
6417
